Tetris: Bitsy Edition

# BITSY VERSION 6.3

! ROOM_FORMAT 1

PAL 0
52,54,62
167,181,92
183,183,215

PAL 1
37,37,37
255,22,22
255,255,255

PAL 2
18,40,78
145,114,136
91,167,150

PAL 3
25,50,43
118,10,10
255,255,255

ROOM 0
1,2,2,3,4,5,6,7,8,9,b,c,d,e,f,g
h,i,j,k,l,m,n,o,p,q,0,s,t,u,v,w
x,y,z,10,11,10,12,13,14,q,0,15,16,17,18,19
1a,1b,1c,10,1d,1e,1f,1g,14,1i,1j,1k,1l,1m,1n,1o
1p,1q,1r,10,1s,1t,1u,1v,2,1w,2,1x,1y,1z,20,21
22,23,24,10,0,0,25,26,27,28,29,2a,2b,2c,2d,2e
2f,2g,2h,10,2i,2j,2k,2l,2m,2n,2o,2p,2q,2r,0,0
2s,2t,2u,10,2v,2w,2x,2y,2z,30,31,32,0,33,34,35
36,37,38,39,3a,3b,3c,0,3e,0,0,0,3f,3g,3h,3i
3j,3k,3l,3m,3n,0,0,3o,3p,3q,3r,3s,3t,3u,3v,0
3w,3x,3y,3z,40,0,41,42,43,0,44,45,46,47,48,49
4a,4b,4c,4d,4e,0,4f,4g,4h,4i,4j,4k,4l,4m,0,4n
4o,4p,4q,4r,4s,4t,4u,0,4v,4w,4x,4y,4z,0,50,51
52,53,54,55,56,57,58,59,5a,5b,5c,5d,5e,0,5f,5g
5h,5i,5j,2,2,5k,2,5l,5m,0,0,5n,5o,5p,5q,2
5r,5s,5t,2,2,5u,2,5v,0,5w,0,0,5x,5y,2,5z
NAME Title
EXT 5,8 1 3,2 FX fade_b
EXT 7,8 1 3,1 FX fade_b
EXT 6,9 1 2,1 FX fade_b
EXT 6,7 1 2,2 FX fade_b
PAL 0

ROOM 1
60,60,60,60,60,60,60,60,60,60,60,60,60,60,60,60
60,0,6z,70,0,0,6w,6x,0,0,64,64,66,0,0,60
60,0,6z,70,0,0,71,6w,6x,0,65,65,0,0,0,60
60,0,71,71,0,0,0,71,71,0,0,0,0,0,0,60
60,64,66,0,0,0,0,0,0,0,0,0,0,0,0,60
60,65,6w,6x,0,0,0,64,66,64,66,64,66,0,64,60
60,0,71,0,0,0,64,65,0,65,0,65,0,0,65,60
60,0,0,0,0,0,65,0,0,64,66,64,0,6w,6x,60
60,0,0,64,66,0,0,0,0,65,0,65,0,71,71,6u
60,0,0,65,6w,6x,0,0,0,0,0,0,0,0,0,0
60,0,0,0,71,0,0,0,6w,6x,64,66,0,0,0,0
60,0,0,0,0,0,0,0,71,0,65,0,0,6p,0,6v
60,0,64,66,6p,0,0,0,0,0,0,0,0,0,0,60
60,0,65,64,66,64,64,64,66,0,0,0,0,64,66,60
60,0,0,65,0,65,65,65,0,0,0,6w,6x,65,0,60
60,60,60,60,60,60,60,60,60,60,60,60,60,60,60,60
NAME Dorm
ITM 6 4,4
ITM 7 1,9
ITM 5 7,11
ITM 8 12,6
ITM 9 12,11
EXT 15,9 2 0,9 FX slide_r
PAL 2

ROOM 2
0,0,67,67,67,6q,0,0,0,0,0,0,67,67,6q,0
67,67,6q,67,6q,6q,0,0,0,0,0,0,67,67,6q,0
6q,0,0,67,6q,0,0,0,67,67,67,0,67,67,6q,0
6q,0,0,6q,0,0,0,0,6q,0,6q,0,6q,6q,6q,0
6q,0,0,6q,67,6q,0,0,0,0,6q,0,0,0,0,0
67,0,0,67,67,67,67,67,67,67,67,67,67,67,67,67
67,0,0,6q,0,67,67,67,67,67,67,67,67,6q,67,67
6q,0,0,0,0,0,0,0,0,0,6q,0,0,0,0,67
6q,0,0,0,0,0,0,0,0,0,0,0,0,0,0,6q
0,0,0,0,0,0,0,0,0,0,0,0,0,0,0,0
0,0,0,0,0,0,0,0,0,0,0,0,0,0,0,0
67,0,0,0,0,0,0,0,0,0,0,0,0,0,0,67
6q,0,0,0,0,0,0,0,0,0,0,0,0,0,0,67
6q,67,67,67,67,67,67,67,67,67,67,67,67,67,67,67
6q,6q,6q,6q,6q,6q,6q,6q,6q,6q,6q,6q,6q,6q,6q,6q
0,0,0,0,0,0,0,0,0,0,0,0,6q,6q,6q,0
NAME hallway1
EXT 0,9 1 15,9 FX slide_l
EXT 15,9 5 0,9 FX slide_r
PAL 0

ROOM 3
0,0,68,0,0,0,0,0,0,0,0,69,0,0,0,0
0,0,68,0,0,0,0,0,0,0,0,69,0,6k,6k,0
0,0,68,0,0,0,0,0,0,0,0,69,0,6k,6k,0
0,0,68,0,0,0,0,0,0,0,0,69,0,0,6k,0
0,0,68,0,0,0,0,0,0,0,0,69,6k,6k,6k,0
0,0,68,0,0,0,0,0,0,0,0,69,0,6k,0,0
0,0,68,0,0,0,0,0,0,0,0,69,6k,6k,6k,6k
0,0,68,0,0,0,0,0,0,0,0,69,0,0,0,0
0,0,68,0,0,0,0,0,0,0,0,69,0,0,0,0
0,0,68,0,0,0,0,0,0,0,0,69,0,0,0,0
0,0,68,0,0,0,0,0,0,0,0,69,0,0,0,0
0,0,68,0,0,0,0,0,0,0,0,69,0,0,0,0
0,0,68,0,0,0,0,0,0,0,0,69,0,0,0,0
0,0,68,0,0,0,0,0,0,0,0,69,0,0,0,0
0,0,68,0,0,0,0,0,0,0,0,69,0,0,0,0
0,0,68,0,0,0,0,0,0,0,0,69,0,0,0,0
NAME terminus
ITM 1 5,6
ITM 1 8,9
ITM 1 4,8
ITM 1 6,13
ITM 1 3,3
ITM 1 10,8
ITM 1 3,13
ITM 1 10,13
EXT 3,15 4 3,0 FX slide_d
EXT 4,15 4 4,0 FX slide_d
EXT 5,15 4 5,0 FX slide_d
EXT 6,15 4 6,0 FX slide_d
EXT 7,15 4 7,0 FX slide_d
EXT 8,15 4 8,0 FX slide_d
EXT 9,15 4 9,0 FX slide_d
EXT 10,15 4 10,0 FX slide_d
PAL 3

ROOM 4
0,0,68,0,0,0,0,0,0,0,0,69,0,0,0,0
0,0,68,0,0,0,0,0,0,0,0,69,0,6a,6b,0
0,0,68,6n,6n,6n,6n,6n,6n,6n,6n,69,0,6c,6d,0
0,0,68,0,0,0,0,0,0,0,0,69,0,0,0,0
0,0,68,78,78,78,77,0,78,0,0,69,6e,6f,6g,0
0,0,68,0,76,76,77,78,78,0,76,69,0,0,0,0
0,0,68,76,76,75,77,77,6v,0,76,69,6h,6i,6j,0
0,0,68,0,60,75,76,6v,6v,77,76,69,0,0,0,0
0,0,68,0,60,6q,76,6v,0,77,76,69,0,0,0,0
0,0,68,60,60,6q,76,0,77,77,0,69,0,0,0,0
0,0,68,75,75,0,76,6q,60,60,60,69,0,0,0,0
0,0,68,75,75,a,a,6q,64,60,5b,69,0,0,0,0
0,0,68,0,77,77,6q,6q,65,0,67,69,0,0,0,0
0,0,68,6s,0,77,77,0,67,67,67,69,0,0,0,0
0,0,68,6t,0,74,6z,70,0,76,0,69,0,0,0,0
0,0,68,74,74,74,0,78,76,76,76,69,0,0,0,0
NAME bottom
END 0 3,3
END 1 4,3
END 2 5,3
END 3 6,3
END 4 7,3
END 5 8,3
END 7 10,4
PAL 1

ROOM 5
75,0,0,74,74,74,74,0,74,74,75,75,74,74,75,74
75,0,0,74,0,75,74,0,74,0,0,0,0,0,0,74
75,0,0,75,0,74,75,0,75,0,0,0,0,0,0,0
0,0,0,74,0,0,74,0,74,0,0,0,0,0,0,0
0,0,0,74,75,74,74,0,74,0,0,0,0,0,0,0
0,0,74,74,74,74,74,74,75,0,0,0,0,0,0,74
74,74,75,0,0,0,0,0,0,0,0,0,0,0,0,75
75,0,0,0,0,0,0,0,0,0,0,0,0,0,0,74
74,0,0,0,0,0,0,0,0,0,0,0,0,0,0,74
0,0,0,0,0,0,0,0,0,0,0,0,0,0,0,74
0,0,0,0,0,0,0,0,0,0,0,0,0,0,0,75
0,0,0,0,0,0,0,0,0,0,0,0,0,0,0,74
75,0,0,0,0,0,0,0,0,0,0,0,0,0,0,74
74,74,74,0,0,0,74,75,75,74,74,0,0,0,75,74
0,0,75,74,74,74,74,0,0,0,74,75,75,74,74,0
0,0,0,0,0,0,0,0,0,0,0,0,0,0,0,0
NAME hallway2
EXT 15,3 6 0,3
EXT 0,9 2 15,9 FX slide_l
PAL 0

ROOM 6
0,0,0,0,0,0,0,0,0,0,0,0,0,0,0,0
0,0,0,0,0,0,0,0,0,0,0,0,0,0,0,0
67,67,67,67,67,0,0,0,0,0,0,0,0,0,0,0
0,0,0,0,67,0,0,0,0,0,0,0,0,0,0,0
0,0,0,0,67,0,0,0,0,0,0,0,0,0,0,0
67,0,0,0,67,0,0,0,0,0,0,0,0,0,0,0
8,0,0,0,68,68,68,68,68,68,68,68,68,68,68,68
8,0,0,0,0,0,0,0,0,0,0,0,0,0,0,67
8,0,0,0,0,0,0,0,0,0,0,0,0,0,0,67
4,0,0,6r,0,6r,0,0,0,0,0,0,0,0,0,67
67,0,0,0,0,0,0,0,0,0,0,0,0,0,0,67
4,0,0,6r,0,6r,0,0,0,0,0,0,0,0,0,67
8,0,0,0,0,0,0,0,72,72,0,0,0,0,0,67
8,8,8,68,68,8,0,0,0,0,0,0,0,67,68,68
0,0,67,67,67,67,67,67,0,0,67,67,67,67,67,0
0,0,0,0,0,0,0,67,0,0,67,0,0,0,0,0
NAME hallway3
ITM 2 4,10
ITM 3 6,10
ITM 4 8,10
EXT 0,3 5 15,3
EXT 8,15 3 7,0 FX tunnel
PAL 0

ROOM 7
0,0,0,0,0,0,0,0,0,0,0,0,0,0,0,0
0,0,0,0,0,0,0,0,0,0,0,0,0,0,0,0
0,0,0,0,0,0,0,0,0,0,0,0,0,0,0,0
0,0,0,0,0,0,0,0,0,0,0,0,0,0,0,0
0,0,0,0,0,0,0,0,0,0,0,0,0,0,0,0
0,0,0,0,0,0,0,0,0,0,0,0,0,0,0,0
0,0,0,0,0,0,0,0,0,0,0,0,0,0,0,0
0,0,0,0,0,0,0,0,0,0,0,0,0,0,0,0
0,0,0,0,0,0,0,0,0,0,0,0,0,0,0,0
0,0,0,0,0,0,0,0,0,0,0,0,0,0,0,0
0,0,0,0,0,0,0,0,0,0,0,0,0,0,0,0
0,0,0,0,0,0,0,0,0,0,0,0,0,0,0,0
0,0,0,0,0,0,0,0,0,0,0,0,0,0,0,0
0,0,0,0,0,0,0,0,0,0,0,0,0,0,0,0
0,0,0,0,0,0,0,0,0,0,0,0,0,0,0,0
0,0,0,0,0,0,0,0,0,0,0,0,0,0,0,0
PAL 0

TIL 1
11111111
11111111
11111111
11111111
11111111
11111111
11111011
11111001
NAME Title 1

TIL 2
11111111
11111111
11111111
11111111
11111111
11111111
11111111
11111111
NAME Title 2

TIL 3
11100000
11100001
11100001
11100001
11100001
11100001
11100001
11100001
NAME Title 3

TIL 4
11100111
11111111
11100000
10001100
10011111
11111111
11110011
11110011
NAME Title 4

TIL 5
11111111
11111111
00000000
00000000
11111100
11101111
11100111
11100110
NAME Title 5

TIL 6
00001011
11111111
11110000
11110000
11111100
11001111
11001110
11001111
NAME Title 6

TIL 7
11111111
11111111
00000000
00001000
11111110
11001111
10000111
10000111
NAME Title 7

TIL 8
10011111
11111111
11110000
11100010
11110011
11110011
11110110
11111110
NAME Title 8

TIL 9
11111111
11111111
00000100
00011100
11111111
11111111
01111101
11111101
NAME Title 9

TIL 10
11100000
11100000
11100000
11100000
11100000
11100000
11100000
11100000
NAME Title 35

TIL 11
00000011
00000011
00000011
00000011
00000011
00000011
00000011
00000011
NAME Title 36

TIL 12
00001111
00001111
00001111
00001111
00001111
00001111
00001111
00001111
NAME Title 37

TIL 13
10111110
10111110
10000000
10000000
10000011
10001111
10001111
10011111
NAME Title 38

TIL 14
00000000
00000000
00000000
00000000
00000000
00000000
00000000
00000000
NAME Title 39

TIL 15
11111111
11111111
11110111
11110011
11110011
11110001
11110001
11110001
NAME Title 40

TIL 16
11000000
11000000
11100000
11100000
11110000
11110000
11110000
11110001
NAME Title 41

TIL 17
01111100
01111100
01111100
01111100
01111100
01111100
01111100
11111100
NAME Title 42

TIL 18
00000001
00000000
00000000
00000000
00000000
01111000
01111000
01111000
NAME Title 43

TIL 19
11111000
11111110
01111110
00111110
00111110
00011110
00011110
00011110
NAME Title 44

TIL 20
00000000
00000000
00000000
10000000
11111111
11111111
01111111
00000000
NAME Title 71

TIL 21
00000000
00010101
00000101
00000000
11101110
11101111
11101110
00000000
NAME Title 72

TIL 22
11111000
11111000
11111000
11111000
11111110
11111111
11111111
11111111
NAME Title 73

TIL 23
00000000
00000000
00000000
00011000
00000111
10000001
11100000
11111000
NAME Title 74

TIL 24
01111111
00001111
00001111
00001111
10001111
11111111
01111111
00111111
NAME Title 75

TIL 25
00000000
00000000
00000000
00000001
00000010
00000000
00000000
00000000
NAME Title 76

TIL 26
01111111
01011111
11111111
11111111
01111111
01111111
00111101
00110101
NAME Title 77

TIL 27
11111111
11111111
11111110
11111110
11111111
11111101
11111101
11111101
NAME Title 78

TIL 28
01110011
11110000
11110000
11110000
11110000
11100000
11110000
11110000
NAME Title 79

TIL 29
11111111
11111111
11110100
11011000
11011000
11011000
11001000
11001000
NAME Title 80

TIL 30
11111111
11111111
11111110
00000000
00000000
00000000
00000000
00000000
NAME Title 107

TIL 31
10001111
10001100
00001100
00001100
00001100
00001111
00001111
00000111
NAME Title 108

TIL 32
11000000
00000000
00000000
00000000
00000000
11111000
11101000
11111000
NAME Title 109

TIL 33
00000010
00000010
00000110
00001110
00001110
00000111
00100111
00011110
NAME Title 110

TIL 34
00000000
00000000
00000000
00000000
00000000
11111111
11111111
00000000
NAME Title 111

TIL 35
00000000
00000000
00000000
00000000
00000000
11111111
11101111
11100000
NAME Title 112

TIL 36
11111000
11111000
11111100
11111111
11111111
11111111
11111111
11111000
NAME Title 113

TIL 37
00111111
00001111
00000111
00000001
11000000
11100000
10000000
00000000
NAME Title 114

TIL 38
11111111
11111111
11111111
11111111
11111111
00000111
00000111
00000111
NAME Title 115

TIL 39
11100000
11100000
11100001
11100011
11100010
11100000
11111100
11111100
NAME Title 116

TIL 40
10000000
00000000
00000000
00000000
00000000
00000000
00000000
00000000
NAME Title 143

TIL 41
00000000
00000000
00000000
00000000
00000000
00000001
00000011
00000011
NAME Title 144

TIL 42
10000111
00000111
00000111
00001111
00001100
00011100
11111000
11011000
NAME Title 145

TIL 43
11011000
11011000
11000000
11110000
00000000
00000000
00000000
00000000
NAME Title 146

TIL 44
01111110
01111110
01111110
01111110
01100000
01000000
01000000
00000000
NAME Title 147

TIL 45
00001111
00001111
00001111
00000111
00000000
00000000
00100000
00000000
NAME Title 148

TIL 46
11111111
11111111
11111111
11111111
00000000
00000000
00000001
00000000
NAME Title 149

TIL 47
11111111
11111111
11111111
11111111
00000000
00001111
00000000
00011000
NAME Title 150

TIL 48
11111100
11111100
11111100
11111100
00000000
11000000
00000000
00000000
NAME Title 151

TIL 49
00000000
00000000
00000000
00000000
00000000
00111111
01111111
01111111
NAME Title 152

TIL 50
00000000
00000000
00000000
00000000
00000000
00000000
00001100
00000000
NAME Title 179

TIL 51
00000111
11111111
11111111
01111100
01111000
00110000
00010000
00011000
NAME Title 180

TIL 52
11111111
11111100
11111100
11111100
11111100
11111111
11111111
11111111
NAME Title 181

TIL 53
11111111
00011111
00000000
00000000
00000000
10000000
11111100
11111111
NAME Title 182

TIL 54
11111111
11111111
11111111
00000111
00000111
00000111
00000111
11100111
NAME Title 183

TIL 55
11111000
11110000
11110000
11110000
11100000
11100000
11111111
11111111
NAME Title 184

TIL 56
00000111
00001111
00001111
00001111
00011111
00011111
11111111
11111111
NAME Title 185

TIL 57
11111111
11111111
11111111
11111111
11111110
11111110
11111110
11111111
NAME Title 186

TIL 58
10000001
10000001
00000011
00000011
00000111
00000111
00000111
11111111
NAME Title 187

TIL 59
11111110
11111110
11111100
11110100
11100101
11111111
10001100
11111111
NAME Title 188

TIL 60
10100010
01010100
10001010
01010001
00101010
01000101
10101000
00010101
NAME sw1
WAL true

TIL 61
00000000
00111111
01000000
01011000
01010100
01010100
01011100
01000000

TIL 62
01000000
01000000
00111111
00000000
00000000
00000000
00000000
00000000

TIL 63
00000000
00000000
00000000
00000000
00000000
00000000
00000000
00000000

TIL 64
00000000
01111110
10000001
10111101
10100101
10111001
10000001
10000001
NAME bed1
WAL true

TIL 65
10000001
10000001
10000001
10000001
10000001
10000001
11111111
01000001
NAME bed2
WAL true

TIL 66
00000000
00000000
00000000
10000000
00000000
00000000
00000000
00000000
NAME bed3

TIL 67
11111111
10000000
10111110
10100010
10101010
10101110
10100000
10101111
NAME wall2
WAL true

TIL 68
00010001
11111111
01000100
11111111
00100010
00100010
11111111
00010001
NAME brick
WAL true

TIL 69
10010000
11111111
01000100
11111111
10100010
10100010
11111111
10010000
NAME brick2
WAL true

TIL 70
11111110
00000010
00000010
00000010
00000010
00000010
00000010
11111110
NAME bedm2
WAL false

TIL 71
00100000
00000000
00000000
00000000
00000000
00000000
00000000
00000000
NAME bed f2

TIL 72
00000000
00010100
00000000
00010100
00000000
00100010
00010100
00001000
NAME aarow2

TIL 73
00000000
00000000
01001000
00000000
01001010
00010001
00001010
00000100
NAME arrow3

TIL 74
11111111
11011011
11111111
11101101
10111111
11110111
10111101
11111111
NAME wall v4
WAL true

TIL 75
11111111
11111101
10101111
11111011
10111111
11111011
11011111
11111101
NAME wall v5
WAL true

TIL 76
00111100
01000010
10111101
10100101
10100101
10111101
01000010
00111100

TIL 77
11111111
10001001
10001001
11110001
10001111
10010001
10010001
11111111

TIL 78
11111111
10000001
10100101
10011001
10011001
10100101
10000001
11111111

TIL a
11111111
10000001
10000001
10011001
10011001
10000001
10000001
11111111

TIL b
11110111
11111111
00011110
00011100
10111111
11111111
11110001
11110011
NAME Title 10

TIL c
11111111
11111111
00000000
00000110
00111111
10111111
11110001
11110001
NAME Title 11

TIL d
11000000
11110001
00010011
00010011
11110011
11010001
11110000
11110000
NAME Title 12

TIL e
00000000
11111111
00000111
00000111
11100111
11101111
01111100
01111100
NAME Title 13

TIL f
00000000
01111111
01000001
01000000
01000111
01101111
01101000
01111000
NAME Title 14

TIL g
00000000
11111110
00000110
01000010
11110010
11111110
00011110
00011110
NAME Title 15

TIL h
11111000
11111000
11111000
11111100
11111110
11111111
11111111
11111100
NAME Title 16

TIL i
11111111
01111111
00011111
00001100
00000000
10000000
00000000
00000000
NAME Title 17

TIL j
11111111
11001111
00001111
00001111
00001111
00001111
00111111
11111111
NAME Title 18

TIL k
11100001
11100001
11100000
11100000
11100000
11100000
11100000
11100000
NAME Title 19

TIL l
11110011
11110011
11110011
00000011
00000011
00000011
00000011
00000011
NAME Title 20

TIL m
11100111
11100111
11100111
11100000
11100000
11100000
11100000
11100000
NAME Title 21

TIL n
11001111
11001111
10001111
00001111
00001111
00001111
00001111
00001111
NAME Title 22

TIL o
10000111
10000111
10000111
10000000
10000000
11111110
10111110
10111110
NAME Title 23

TIL p
11111110
11111110
10111100
00000000
00011111
00111111
01111111
01111111
NAME Title 24

TIL q
01111100
01111100
01111100
01111101
01111101
01111100
01111100
01111101
NAME Title 25

TIL r
11110010
11110110
11110010
10000110
11111110
11111110
11111110
11111110
NAME Title 26

TIL s
11110001
11110011
11110111
11111111
11111111
11111111
11111111
11111111
NAME Title 27

TIL t
11110000
11110000
11110000
11100000
11000000
10000000
10000000
11000000
NAME Title 28

TIL u
01111100
01111100
01111100
01111100
01111100
01111100
01111100
01111100
NAME Title 29

TIL v
01101100
01111110
01111111
00111111
00011111
00001111
00000111
00000011
NAME Title 30

TIL w
00011110
00011110
00011110
10000000
11000000
11100000
11110000
11111000
NAME Title 31

TIL x
11111000
11111000
11111000
11111000
11111111
11111111
11111111
11111111
>
11111000
11111000
11111000
11111000
11111111
11111111
11111111
11111111
NAME Title 32

TIL y
00000000
00001000
00111100
11111110
11111111
11111111
11111111
11111111
NAME Title 33

TIL z
01111111
00111111
00001111
00001111
00001111
11001111
11101111
11111111
NAME Title 34

TIL 1a
11111111
11111111
11111000
11111000
11111000
11111000
11111000
11111000
NAME Title 45

TIL 1b
11111111
10000000
00000000
00000000
00000000
01111100
00011100
00000100
NAME Title 46

TIL 1c
11001111
00001111
00001111
00001111
00001111
01111111
01111111
01111111
NAME Title 47

TIL 1d
00000011
00000011
00001111
00001111
00001111
00001111
00000000
00000000
NAME Title 48

TIL 1e
11100000
11100000
11111000
11111100
11111100
11111001
00000001
00000000
NAME Title 49

TIL 1f
00001111
00001111
00111111
00111111
00111111
00111111
00000010
00000000
NAME Title 50

TIL 1g
10011111
10011111
11111111
11111111
11111111
11111111
00011110
00000000
NAME Title 51

TIL 1h
00000000
00000000
00000000
00000000
00000000
00000000
00000000
00000000
NAME Title 52

TIL 1i
01111100
01111100
01111100
01111110
01111110
01111110
00101110
00000000
NAME Title 53

TIL 1j
00000011
00000011
00000011
00000011
00000011
00000011
00000011
00000000
NAME Title 54

TIL 1k
11110111
11110111
11111111
11111101
11111101
11111101
11101001
00000001
NAME Title 55

TIL 1l
11111001
11111000
11111111
11111111
11111111
11111111
11111111
11100000
NAME Title 56

TIL 1m
11111100
01111100
11111111
11111111
11111111
11111111
11111110
00000000
NAME Title 57

TIL 1n
01111000
01111100
01111111
01111111
01111111
01111111
01111111
00000000
NAME Title 58

TIL 1o
00011110
00111110
11111110
11111110
11111110
11111110
11111110
00000000
NAME Title 59

TIL 1p
11111110
11111111
11111111
11111111
11111111
11111111
11111001
11111000
NAME Title 60

TIL 1q
00000000
10000000
11100000
11111000
11111100
11111111
11111111
00001111
NAME Title 61

TIL 1r
01111111
01111111
00011111
00001111
00001111
00001111
11001111
11111111
NAME Title 62

TIL 1s
00000000
00000000
00000000
01111000
01111111
01101111
00001001
00000000
NAME Title 63

TIL 1t
00000000
00000000
00000000
00000001
10111111
10111111
10001101
00000000
NAME Title 64

TIL 1u
00000000
00000000
00000000
00000011
11111111
11111111
11111111
00000001
NAME Title 65

TIL 1v
00011111
00011111
00011111
11111111
11111111
11111111
11111111
00111111
NAME Title 66

TIL 1w
11111111
11111111
11111111
11111111
11111111
11111111
11111111
11111111
NAME Title 67

TIL 1x
11111111
11111111
11111111
11111111
11111111
11111111
11111111
11111110
NAME Title 68

TIL 1y
11111000
11111110
11111111
11111111
11111111
11111111
11111111
11011110
NAME Title 69

TIL 1z
00000000
00000000
11000000
11100001
11111111
11111111
11111111
10110000
NAME Title 70

TIL 2a
11111110
11111110
01111111
00111111
00111111
00011111
00001100
00000011
NAME Title 81

TIL 2b
01000010
00001011
00000111
00000011
10000011
10000001
00000001
00000000
NAME Title 82

TIL 2c
01000000
10000000
11000000
11000110
10000011
10000011
11000011
11100110
NAME Title 83

TIL 2d
00000000
00000000
00000000
00000000
11111111
01111111
11111111
00000000
NAME Title 84

TIL 2e
00000000
00000000
01100000
01100000
11111111
01111011
11111111
00000000
NAME Title 85

TIL 2f
11111111
11111111
11111000
11111000
11111000
11111000
11111000
11111100
NAME Title 86

TIL 2g
11111100
11000000
00000000
00000000
00011111
00000000
00000000
00000000
NAME Title 87

TIL 2h
00001111
00001111
00001111
01111111
11111111
11111111
00001111
00001111
NAME Title 88

TIL 2i
00000001
00000000
00000100
00001000
00011111
00011111
00000000
00000000
NAME Title 89

TIL 2j
11111000
00011000
01110000
11100000
11000000
10000000
00000000
00000000
NAME Title 90

TIL 2k
00000000
00000100
00000000
00000000
00000000
00000000
00000000
00000001
NAME Title 91

TIL 2l
01010011
00000011
00000001
00000011
00000011
10000011
00000111
00000110
NAME Title 92

TIL 2m
11111001
11111001
11010001
10010001
10110001
01110111
11111111
11111111
NAME Title 93

TIL 2n
11100010
11100010
11100000
10100000
10100000
11100101
11111111
11111111
NAME Title 94

TIL 2o
11001000
10001000
10001000
10001100
10000100
10000100
10000000
10001100
NAME Title 95

TIL 2p
00000001
00000000
00000100
10000100
10000000
00000000
00000000
00000000
NAME Title 96

TIL 2q
00100000
00000000
00000000
00000000
00111000
00111000
00111000
00110000
NAME Title 97

TIL 2r
01111010
00000010
00000010
00000010
00000010
00000010
00000010
00000010
NAME Title 98

TIL 2s
11111111
11111111
11111111
11111111
11111111
11111011
11111001
11111000
NAME Title 99

TIL 2t
11100000
11111111
11111111
11111111
11111111
11111111
11111111
01111111
NAME Title 100

TIL 2u
00001111
00001111
11111111
11111111
11111111
11111111
11111111
11111111
NAME Title 101

TIL 2v
00000000
00000000
00000000
00000000
00000110
00001111
00011111
00111111
NAME Title 102

TIL 2w
00000000
01000000
00000000
00000000
00000000
11111000
11111100
11111100
NAME Title 103

TIL 2x
00000010
00000110
00001111
00001111
00001111
00011111
00011111
00001101
NAME Title 104

TIL 2y
00001100
00001100
11111111
11111111
11111111
11111111
11111111
11111000
NAME Title 105

TIL 2z
11111111
11111111
01111111
00000000
00000001
00000001
00000001
00000001
NAME Title 106

TIL 3a
01111110
11100110
10001011
00011010
00111100
01111100
01111000
01110000
NAME Title 117

TIL 3b
00011000
00011000
01100000
00000000
00000000
00000000
00000000
00000000
NAME Title 118

TIL 3c
00000011
00000010
00000000
00000000
00000000
00000000
11000000
00000000
NAME Title 119

TIL 3d
11100000
11000000
10000000
00000000
00000000
00000000
00000000
00000000
NAME Title 120

TIL 3e
00000001
00000001
00100010
00000010
00000010
00000110
01000100
00000100
NAME Title 121

TIL 3f
00000000
00110000
00000000
00000010
00000000
00000001
00000000
00000000
NAME Title 122

TIL 3g
00011111
00001111
00001111
00001111
00000111
00000011
10000000
10000000
NAME Title 123

TIL 3h
01101100
11111111
11111111
11111111
11100100
11111100
00000000
00000000
NAME Title 124

TIL 3i
11111111
11111111
11111111
11111111
00000000
00000000
00000000
00000000
NAME Title 125

TIL 3j
11111000
11111000
11111000
11111011
11111111
11111110
11111100
11111100
NAME Title 126

TIL 3k
00000000
00000111
00111111
11111111
11111111
00111110
00111000
00110000
NAME Title 127

TIL 3l
00000111
11110111
11111111
11111111
11111111
11111111
00011111
00001111
NAME Title 128

TIL 3m
11111000
11111111
11100000
11100000
11100000
11100000
11100000
11100000
NAME Title 129

TIL 3n
00100000
11000000
00000000
00000000
00000000
00000000
00000000
00000000
NAME Title 130

TIL 3o
00000000
00000000
00100001
00000000
00000000
00000000
01000000
10000000
NAME Title 131

TIL 3p
00000100
00000100
00000100
00000100
00001100
00001100
00001000
00001000
NAME Title 132

TIL 3q
00000000
00000000
00000000
00000000
00000000
00000000
00010000
00010000
NAME Title 133

TIL 3r
00000000
00000000
00000000
00000000
00000000
00000000
00000000
01000000
NAME Title 134

TIL 3s
00000000
00000000
00001000
00001111
00001111
00001111
00001111
00001111
NAME Title 135

TIL 3t
00000000
00000000
00000001
11111111
11111111
11111111
11111111
11111111
NAME Title 136

TIL 3u
11000000
01000000
11111000
11111111
11111111
11111111
11111111
11111111
NAME Title 137

TIL 3v
00000000
00000000
11000000
11100000
11110000
11111000
11111000
11111100
NAME Title 138

TIL 3w
11111100
11111000
11111000
11111000
11111000
11111100
11111100
11111110
NAME Title 139

TIL 3x
00110000
01110000
01100001
01100001
01000001
00000011
00000011
00000011
NAME Title 140

TIL 3y
00001111
00000111
10000111
11000111
11000111
10000111
00000111
00001111
NAME Title 141

TIL 3z
11111000
11111100
11111100
11111100
11111100
11111100
11111100
11111000
NAME Title 142

TIL 4a
11111111
11111111
11111100
11111100
11111100
11111100
11111100
11111100
NAME Title 153

TIL 4b
00000111
11111111
01111111
01111111
01111111
01111111
01111111
00000111
NAME Title 154

TIL 4c
00001111
00011111
01111111
11111111
11111111
11111111
11111111
11111111
NAME Title 155

TIL 4d
11110000
11100000
11100000
11101111
11101111
11111111
11111111
11111111
NAME Title 156

TIL 4e
00000000
00000000
00000000
11110000
11110000
11111000
11111000
11111000
NAME Title 157

TIL 4f
00000001
00000011
00000000
00000000
00000000
00100000
01110000
01100000
NAME Title 158

TIL 4g
11011000
11110000
00000000
00000000
00000000
00000000
00000000
00000000
NAME Title 159

TIL 4h
00000000
00000000
00000000
11000000
00000000
00000000
00000000
00000000
NAME Title 160

TIL 4i
00000000
00000000
00000000
01111111
01111111
01111111
01111111
01111111
NAME Title 161

TIL 4j
00000000
00000000
00000000
11111110
11111111
11111110
11111110
11111110
NAME Title 162

TIL 4k
00000000
00000000
00000000
00000001
00000001
00000001
00000001
00000000
NAME Title 163

TIL 4l
00000000
00000000
00000000
10000000
00000000
00000000
00000000
10000000
NAME Title 164

TIL 4m
00000000
00000000
00000100
00010100
00000000
00000000
00000000
00000000
NAME Title 165

TIL 4n
01111111
01111111
01111111
00111111
00000011
00000011
00000001
00000011
NAME Title 166

TIL 4o
11111100
11111100
11111100
11111100
11111100
11111100
11111100
11111111
NAME Title 167

TIL 4p
00000000
00000000
00000000
01100000
01111111
01111111
01111111
11111111
NAME Title 168

TIL 4q
00111111
00000111
00000111
00000111
00000111
11111111
11111111
11111111
NAME Title 169

TIL 4r
11111101
11110101
11111111
11111111
11111111
11111110
11110110
11101100
NAME Title 170

TIL 4s
11111000
11111000
11110000
00000000
00000001
00000011
00000011
00000011
NAME Title 171

TIL 4t
00000000
11111111
11111111
11111111
11111111
11111111
11111111
11111111
NAME Title 172

TIL 4u
11100000
11100000
11100000
11000000
11000000
11000000
10000000
10000000
NAME Title 173

TIL 4v
00000000
01111111
01111111
01111111
01111111
01111111
00000011
00000011
NAME Title 174

TIL 4w
01111111
11111110
11111110
11111100
11111000
11110000
11110000
11100000
NAME Title 175

TIL 4x
11111000
01111111
00111111
00111111
00011111
00001111
00000100
00000001
NAME Title 176

TIL 4y
00000000
11111111
11111111
11111101
01111100
01111111
01111100
00000000
NAME Title 177

TIL 4z
10000000
10000000
00000000
00000000
00000000
00000000
00000000
00000000
NAME Title 178

TIL 5a
11111111
11111111
11111011
11111011
11111100
11111000
11100000
11110000
NAME Title 189

TIL 5b
11000000
10000000
00000000
00000000
00000000
00000000
00000000
00000000
NAME Title 190

TIL 5c
00000001
00000000
00000000
00000000
00000000
00000000
00000000
00000000
NAME Title 191

TIL 5d
10000011
00000111
00000111
00111111
00111111
00011111
00000000
00001111
NAME Title 192

TIL 5e
00100000
00100000
10100000
11100000
11100000
01100000
01110000
11110000
NAME Title 193

TIL 5f
00000000
00000000
00000001
00000000
00000000
00000000
00000000
00000011
NAME Title 194

TIL 5g
00011011
00011111
10111111
00011111
00001011
00001111
00101111
10011110
NAME Title 195

TIL 5h
11111110
11111100
11111100
11111100
11111100
11111100
11111100
11111100
NAME Title 196

TIL 5i
00011111
00001100
00000000
00000000
01100000
01100001
11110011
01110011
NAME Title 197

TIL 5j
11111111
00011111
00001111
00001111
00000111
10000111
11000111
11000111
NAME Title 198

TIL 5k
11111111
11111111
11111111
11111111
11111110
11111100
11100001
11000101
NAME Title 199

TIL 5l
11111111
11111111
11111011
11001011
11011011
11010000
11110000
11110000
NAME Title 200

TIL 5m
11100000
11100000
11000000
10000000
00000000
00000000
00000000
00000000
NAME Title 201

TIL 5n
00000111
00000011
00000001
00000001
00000000
00000000
00000000
00000000
NAME Title 202

TIL 5o
11010000
11010000
10010000
11010000
11011000
00001000
00001111
00001111
NAME Title 203

TIL 5p
00000000
00000000
00000000
00000011
00000111
00001111
11111111
11111111
NAME Title 204

TIL 5q
00000001
00101111
01111111
11111111
11111111
11111111
11111111
11111111
NAME Title 205

TIL 5r
11111100
11111100
11111100
11111100
11111111
11111111
11111111
11111111
NAME Title 206

TIL 5s
00000011
00000000
00000000
00000000
11100000
11111111
11111111
11111111
NAME Title 207

TIL 5t
11000111
00000111
00000111
00000111
00000111
00000111
11111111
11111111
NAME Title 208

TIL 5u
10000001
11000000
11100000
11111111
11111111
11111111
11111111
11111111
NAME Title 209

TIL 5v
11110000
11110000
11100000
11100000
11000000
10000000
00000000
00000000
NAME Title 210

TIL 5w
00000000
00000000
00000000
00000000
00000000
00000000
00000001
00100001
NAME Title 211

TIL 5x
00001111
00000111
00000111
00000011
00000001
00000000
00000000
00000000
NAME Title 212

TIL 5y
11111111
11111111
11111111
11111111
11111111
11111111
11111111
01111111
NAME Title 213

TIL 5z
11111111
11111111
11111111
11111111
11111111
11111111
11111100
11111101
NAME Title 214

TIL 6a
11111111
10000000
10000000
10000000
10000000
10000011
10000011
10000011

TIL 6b
11111111
00000001
00000001
00000001
00000001
11000001
11000001
11000001

TIL 6c
10000011
10111111
10111111
10111111
10111111
10000000
10000000
11111111

TIL 6d
11000001
11111101
11111101
11111101
11111101
00000001
00000001
11111111

TIL 6e
01111111
01000000
01010101
01010101
01010111
01010001
01000000
01111111

TIL 6f
11111111
00000000
01101110
00100010
01000110
01101110
00000000
11111111

TIL 6g
11111111
00000001
10101101
10100101
11100101
00100101
00000001
11111111

TIL 6h
01111111
01000000
01010010
01010010
01010010
01011001
01000000
01111111

TIL 6i
11111111
00000000
10100111
10100001
10100010
00110010
00000000
11111111

TIL 6j
11111111
00000111
00100101
01100111
00100101
00100111
00000101
11111111

TIL 6k
00000000
00000000
00000000
00000000
00000000
00000000
00000000
00000000

TIL 6l
00001000
00001000
00001000
00001000
11111000
00000000
00000000
00000000

TIL 6m
00001000
00001000
00001000
11110000
00001111
00010000
00010000
00010000

TIL 6n
00000000
00000000
00000000
00000000
10101010
00000000
00000000
00000000
>
00000000
00000000
00000000
00000000
01010101
00000000
00000000
00000000

TIL 6o
00000000
00010000
00110000
00110001
00110001
00111011
01111011
01111111

TIL 6p
00000000
00000000
00000000
00001000
00000000
01000000
00000000
00000000

TIL 6q
10101001
10101001
10101001
10101111
10100001
10111101
10000001
11111111
NAME wall3
WAL true

TIL 6r
00000000
00000000
00000100
01010010
00000001
01010010
00000100
00000000
NAME arrow

TIL 6s
00000000
01111110
10000001
10111101
10100101
10111001
10000001
10000001
WAL false

TIL 6t
10000001
10000001
10000001
10000001
10000001
10000001
11111111
01000001
WAL false

TIL 6u
10100011
01010100
10001011
11010001
10101011
11000101
11101111
01111111
NAME sw2
WAL true

TIL 6v
01111110
11110111
10001011
11010001
10101010
11000101
10101000
00010101
NAME sw3
WAL true

TIL 6w
01111111
10000000
10110000
10101000
10101000
10110000
10000000
01111111
NAME bed4
WAL true

TIL 6x
11111110
00000010
00000010
00000010
00000010
00000010
00000010
11111110
NAME bed5
WAL true

TIL 6y
00000000
00000000
00100000
00110000
00001000
00101100
00000000
00000000
NAME XXX

TIL 6z
01111111
10000000
10110000
10101000
10101000
10110000
10000000
01111111
NAME bedm1
WAL false

SPR 10
11111111
10001001
10111101
11100101
10100111
10111101
10010001
11111111
NAME L4
DLG SPR_i
POS 2 5,12

SPR 11
11111111
11000011
10011001
10100101
10100101
10011001
11000011
11100111
NAME T3
DLG SPR_k
POS 2 10,9

SPR 12
11111111
11000011
10011001
00100101
00100101
10011001
11000011
11111111
NAME T4
DLG SPR_j
POS 2 11,10

SPR 13
11111111
10100101
11000011
10010001
10001001
11000011
10100101
11111111
>
00000000
00000000
00000000
00000000
00000000
00000000
00000000
00000000
NAME Z4
DLG SPR_l
POS 5 4,12

SPR 14
11111111
10100101
11000011
10010001
10001001
11000011
10100101
11111111
>
11111111
10100101
11011011
10100101
10100101
11011011
10100101
11111111
NAME Z6
DLG SPR_m
POS 5 5,10

SPR 15
11111111
10100101
11011011
10100101
10100101
11011011
10100101
11111111
>
00000000
00000000
00000000
00000000
00000000
00000000
00000000
00000000
NAME Z5
DLG SPR_n
POS 5 4,11

SPR 16
11111111
10000101
10111101
10100001
10111101
10000101
10111101
10100001
NAME I3
DLG SPR_p
POS 5 11,8

SPR 17
11111111
10100001
10111101
10000101
10111101
10100001
10111101
11111111
NAME I4
DLG SPR_o
POS 5 11,9

SPR A
00000000
00000000
00111100
00101100
00110100
00111100
00000000
00000000
>
00000000
00000000
00111100
00110100
00101100
00111100
00000000
00000000
POS 0 6,8

SPR a
00000000
01111110
10000001
10111001
10100101
10111101
10000001
10000001
NAME bed
DLG SPR_0

SPR b
10000001
10000001
10000001
10000001
10000001
10000001
11111111
01000001
NAME bed2
DLG SPR_1

SPR c
00000000
00000000
00000000
10000000
00000000
00000000
00000000
00000000
DLG SPR_2

SPR d
00000000
00000000
00000000
00000000
00000000
00000000
000000000
00000000
>
11111111
10100101
11000011
10001001
10010001
11000011
10100101
11111111
NAME Z1
DLG SPR_3
POS 5 6,11

SPR e
11111111
10100101
11011011
10100101
10100101
11011011
10100101
11111111
>
11111111
10100101
11011011
10100101
10100101
11011011
10100101
11111111
NAME Z2
DLG SPR_7
POS 5 5,11

SPR f
11111111
11111111
11111111
11111111
11111111
11111111
11111111
11111111
NAME B
DLG SPR_6

SPR g
11111111
11000011
10011001
10100100
10100100
10011001
11000011
11111111
NAME T1
DLG SPR_4
POS 2 9,10

SPR h
11100111
11000011
10011001
00101100
00100100
10011001
11000011
11111111
NAME T2
DLG SPR_e
POS 2 10,10

SPR j
11111111
10000001
10111101
10100001
10111101
10000101
10111101
10100001
NAME I1
DLG SPR_f
POS 5 11,6

SPR k
11111111
10100001
10111101
10000101
10111101
10100001
10111101
10000101
NAME I2
DLG SPR_g
POS 5 11,7

SPR l
11111111
10001001
10111101
11100101
10100111
10111101
10010001
11111111
NAME L1
DLG SPR_8
POS 2 4,12

SPR m
11111111
10001001
10111101
11100101
10100111
10111101
10010001
11111111
NAME L2
DLG SPR_5
POS 2 5,10

SPR p
00000000
00000000
00000000
00000000
00000000
00000000
00000000
00000000
>
11111111
10100101
11000011
10001001
10010001
11000011
10100101
11111111
NAME Z3
DLG SPR_9
POS 5 4,10

SPR q
00000000
01111110
10000001
10111001
10100101
10111101
10000001
10000001
DLG SPR_a

SPR r
10000001
10000001
10000001
10000001
10000001
10000001
11111111
01000001
DLG SPR_b

SPR s
00000000
01111110
10000001
10111001
10100101
10111101
10000001
10000001
DLG SPR_c

SPR t
10000001
10000001
10000001
10000001
10000001
10000001
11111111
01000001
DLG SPR_d

SPR u
00000000
00001100
00011110
00111110
01000100
01001000
00110000
00000000
NAME pill

SPR v
11111111
10000001
10011101
10100101
10100101
10111101
10000001
11111111
NAME p1

SPR w
11111111
10000001
10011101
10100101
10100101
10111101
10000001
11111111
NAME p2

SPR x
11111111
10000001
10011101
10100101
10100101
10111101
10000001
11111111
NAME p3

SPR y
11111111
10000001
10011101
10100101
10100101
10111101
10000001
11111111
NAME p4

SPR z
11111111
10001001
10111101
11100101
10100111
10111101
10010001
11111111
NAME L3
DLG SPR_h
POS 2 5,11

ITM 1
00000000
00000000
00000000
00000000
00000000
00100000
00000000
00000000
NAME sound2
DLG ITM_1

ITM 2
00000000
00000000
00000000
00111100
01101110
01011110
01111110
00000100
DLG ITM_2

ITM 3
00000000
00111000
01011100
01001110
00111100
01101100
01011100
00111110
DLG ITM_3

ITM 4
00000000
00000000
00000000
00000000
00000000
00000000
00100000
00000000
DLG ITM_4

ITM 5
00000000
00000000
00100000
00111000
00000000
00000000
00000000
00000000
DLG ITM_0

ITM 6
00000000
00000000
00000000
00011000
00011000
00000000
00000000
00000000
DLG ITM_5

ITM 7
00000000
00000000
00000000
01000000
01100000
00100000
00000000
00000000
DLG ITM_6

ITM 8
00000000
00000000
00000000
00100000
00100000
00100000
00100000
00000000
DLG ITM_7

ITM 9
00000000
00000000
00001000
00011000
00001000
00000000
00000000
00000000
DLG ITM_8

DLG SPR_1
I don't think I'm ready for today..

DLG SPR_2
I had a weird dream...

DLG SPR_0
"""
I slept in...

"""

DLG SPR_3
"""
Remember your training.

Press "R" to rotate into the optimal position... 
"""

DLG SPR_4
"""

Nowhere to go but down, heheh
"""

DLG ITM_1
"""
{shuffle
  - You feel sick
  - The sounds are getting louder 
  - It's just like your nightmares
  - You hear terrible noises
  - The shaft smells like metal and the walls are greasy
}
"""

DLG SPR_5
We thought we'd let you sleep in today...

DLG ITM_2
"""
Standard issue helmet.


"one size fits all"
"""

DLG ITM_3
Parachute. Triple-checked it last night.

DLG ITM_4
"""
A small white capsule. 
{printSprite "pill"}

I thought that was just a rumor to scare cadets... 
"""

DLG SPR_7
"""
Remember your training.

Press "R" to rotate into the optimal position... 
"""

DLG SPR_8
We thought we'd let you sleep in today...

DLG SPR_9
"""
Remember your training.

Press "R" to rotate into the optimal position... 
"""

DLG SPR_a
So many empty beds these days...

DLG SPR_b
These beds were all full once

DLG SPR_c
"""
None of us fit right on these beds.  
Now that there are extras, we push them together.
"""

DLG SPR_d
Command used to inspect the dorms. They have more important things on their plate these days.

DLG SPR_e
"""

Nowhere to go but down, heheh
"""

DLG SPR_f
there aren't many of us left. its up to you now.

DLG SPR_g
there aren't many of us left. its up to you now.

DLG SPR_6
We're here for a reason. I'm thankful for the chance to help. 

DLG SPR_h
We thought we'd let you sleep in today...

DLG SPR_i
We thought we'd let you sleep in today...

DLG SPR_j
"""

Nowhere to go but down, heheh
"""

DLG SPR_k
"""

Nowhere to go but down, heheh
"""

DLG SPR_l
"""
Remember your training.

Press "R" to rotate into the optimal position... 
"""

DLG SPR_m
"""
Remember your training.

Press "R" to rotate into the optimal position... 
"""

DLG SPR_n
"""
Remember your training.

Press "R" to rotate into the optimal position... 
"""

DLG ITM_0
...these bunks were all filled once

DLG ITM_5
of all the days to sleep in.

DLG ITM_6
can't believe I'm {clr3}dropping{clr3} today

DLG ITM_7
i feel so huge trying to squeeze my way around the dorms

DLG ITM_8
i'm {clr3}afraid{clr3}.

DLG SPR_o
there aren't many of us left. its up to you now.

DLG SPR_p
there aren't many of us left. its up to you now.

END 0
"""
game over. 

score: 142347
"""

END 1
"""
game over. 

score: 142347
"""

END 2
"""
game over. 

score: 142347
"""

END 3
"""
game over. 

score: 142347
"""

END 4
"""
game over. 

score: 142347
"""

END 5
"""
game over. 

score: 142347
"""

END 6
The end

END 7
"""
you slide cleanly into place among wreckage.

your body disintegrates
but the system can continue.

 
"""

VAR a
42

